0 311.1104736328125 248.90255737304688 0
1 359.40130615234375 245.7909393310547 0
2 207.7163848876953 183.9436492919922 0
3 132.92648315429688 237.43765258789062 0
4 446.0793151855469 224.94764709472656 0
5 464.95904541015625 272.4002380371094 0
6 310.341796875 56.24448776245117 0
7 131.8018341064453 138.89259338378906 0
8 165.96034240722656 270.2473449707031 0
9 22.57039451599121 40.27060317993164 0
10 120.17865753173828 195.13124084472656 0
11 380.7353820800781 252.41128540039062 0
12 182.9454803466797 33.88935089111328 0
13 247.9300079345703 203.2467803955078 0
14 332.528564453125 12.273677825927734 0
15 369.0104064941406 95.3486099243164 0
16 462.82958984375 266.6227722167969 0
17 429.1722717285156 86.89129638671875 0
18 465.2840270996094 232.9506378173828 0
19 58.869529724121094 187.63272094726562 0
20 177.2337188720703 225.9164581298828 0
21 60.346126556396484 214.73257446289062 0
22 110.78877258300781 20.416702270507812 0
23 280.7845458984375 188.28846740722656 0
24 261.44976806640625 169.53634643554688 0
25 481.39007568359375 228.40333557128906 0
26 384.1393737792969 110.46780395507812 0
27 429.171875 144.40573120117188 0
28 415.7970886230469 224.751708984375 0
29 268.7481689453125 82.52886199951172 0
30 218.3194122314453 130.8152313232422 0
31 15.194127082824707 20.912322998046875 0
32 13.381621360778809 195.27926635742188 0
33 245.7675018310547 170.22430419921875 0
34 281.5564270019531 254.87733459472656 0
35 258.28863525390625 254.5106201171875 0
36 2.1483774185180664 143.0748291015625 0
37 107.01762390136719 10.060503959655762 0
38 417.2923889160156 14.598392486572266 0
39 23.06310272216797 150.1374969482422 0
40 14.11763858795166 157.0816192626953 0
41 275.6729736328125 0.3578033447265625 0
42 132.15838623046875 71.9037857055664 0
43 33.19973373413086 13.306665420532227 0
44 19.695650100708008 196.04489135742188 0
45 238.09844970703125 21.666961669921875 0
46 282.343994140625 223.40126037597656 0
47 419.00762939453125 86.6931381225586 0
48 489.950439453125 67.50192260742188 0
49 224.7791290283203 143.29678344726562 0
50 233.75213623046875 187.93719482421875 0
51 280.26483154296875 234.3188934326172 0
52 154.74327087402344 280.0570373535156 0
53 231.73451232910156 64.74772644042969 0
54 396.32989501953125 201.61761474609375 0
55 70.99000549316406 191.69921875 0
56 69.60657501220703 81.05093383789062 0
57 1.5580610036849976 297.91094970703125 0
58 157.96604919433594 19.903125762939453 0
59 237.78494262695312 275.30926513671875 0
60 329.2586669921875 166.73353576660156 0
61 208.22262573242188 70.89205932617188 0
62 368.34576416015625 101.38716888427734 0
63 168.3880157470703 119.72981262207031 0
64 390.64617919921875 227.05003356933594 0
65 214.79226684570312 209.3189239501953 0
66 148.15335083007812 122.86705780029297 0
67 132.0796661376953 285.8321533203125 0
68 93.4046630859375 162.1492462158203 0
69 398.1813049316406 125.99313354492188 0
70 424.013427734375 250.31707763671875 0
71 18.580108642578125 258.36090087890625 0
72 90.62804412841797 82.72381591796875 0
73 160.1010284423828 24.74431037902832 0
74 214.56129455566406 165.3730926513672 0
75 307.0802307128906 226.27442932128906 0
76 27.837486267089844 281.29150390625 0
77 368.33489990234375 299.3465270996094 0
78 318.032958984375 221.9379119873047 0
79 322.04608154296875 14.20241641998291 0
80 433.0404357910156 36.527122497558594 0
81 97.48262023925781 83.35661315917969 0
82 176.76580810546875 182.51705932617188 0
83 457.4377746582031 8.379511833190918 0
84 405.77032470703125 187.75428771972656 0
85 163.31378173828125 281.733154296875 0
86 319.0 58.89394760131836 0
87 175.98330688476562 295.4147644042969 0
88 317.99755859375 91.70647430419922 0
89 69.87198638916016 290.09619140625 0
90 403.37176513671875 156.75411987304688 0
91 215.14776611328125 7.256224632263184 0
92 364.80255126953125 48.666805267333984 0
93 113.4696044921875 182.4864501953125 0
94 16.48891830444336 198.8678436279297 0
95 56.43891525268555 140.709716796875 0
96 427.7014465332031 260.0957946777344 0
97 12.714134216308594 123.48377227783203 0
98 498.97906494140625 176.44046020507812 0
99 339.6895446777344 294.87176513671875 0
100 338.5146484375 54.856510162353516 0
101 58.7066764831543 235.54408264160156 0
102 200.40167236328125 253.23971557617188 0
103 28.957168579101562 244.83547973632812 0
104 256.6697692871094 296.1466064453125 0
105 404.5531311035156 27.414209365844727 0
106 188.41403198242188 122.10969543457031 0
107 261.6818542480469 245.02911376953125 0
108 497.8285217285156 256.2463684082031 0
109 238.32872009277344 164.4839324951172 0
110 62.58207702636719 88.48055267333984 0
111 437.74273681640625 30.546506881713867 0
112 276.72906494140625 121.1925277709961 0
113 208.63665771484375 136.93472290039062 0
114 148.2266845703125 230.48342895507812 0
115 230.05380249023438 159.82887268066406 0
116 452.1338195800781 262.4866638183594 0
117 96.90125274658203 156.54444885253906 0
118 470.69586181640625 60.2800407409668 0
119 323.3395690917969 117.05732727050781 0
120 486.773681640625 187.94821166992188 0
121 355.5363464355469 88.0074691772461 0
122 35.45362091064453 286.2162170410156 0
123 312.73150634765625 267.6153869628906 0
124 460.1794128417969 158.82095336914062 0
125 256.1296691894531 295.6294860839844 0
126 64.37625122070312 250.40872192382812 0
127 318.8253479003906 134.98097229003906 0
128 97.29023742675781 135.24258422851562 0
129 16.78359603881836 61.2564811706543 0
130 463.6463317871094 291.3749694824219 0
131 0.8404383659362793 242.4072723388672 0
132 400.73095703125 87.18667602539062 0
133 402.75299072265625 104.29733276367188 0
134 423.6352844238281 56.31458282470703 0
135 274.5214538574219 137.7516632080078 0
136 99.6478271484375 82.98649597167969 0
137 419.52099609375 209.69900512695312 0
138 176.16531372070312 62.6527099609375 0
139 166.42318725585938 294.8124084472656 0
140 252.99375915527344 142.54989624023438 0
141 342.4530029296875 144.73434448242188 0
142 59.54069900512695 83.45396423339844 0
143 361.2188720703125 59.531986236572266 0
144 470.1538391113281 217.3748016357422 0
145 452.1695861816406 120.461181640625 0
146 166.7398681640625 6.31669807434082 0
147 123.67310333251953 84.42713928222656 0
148 336.8013610839844 134.4745635986328 0
149 469.779296875 128.7127227783203 0
150 477.1583251953125 190.35687255859375 0
151 401.9193420410156 69.60426330566406 0
152 258.87530517578125 16.322681427001953 0
153 311.1114196777344 260.4781188964844 0
154 497.2932434082031 220.890869140625 0
155 43.68336486816406 103.72003936767578 0
156 62.569801330566406 263.9260559082031 0
157 404.0898132324219 286.5328674316406 0
158 60.76034927368164 136.42666625976562 0
159 182.0924530029297 173.2465057373047 0
160 313.22601318359375 265.136474609375 0
161 438.38812255859375 156.17832946777344 0
162 63.0337028503418 177.57275390625 0
163 472.7118225097656 283.3998718261719 0
164 441.0174865722656 165.30923461914062 0
165 41.507057189941406 144.94989013671875 0
166 31.298995971679688 282.47412109375 0
167 488.4480895996094 109.09258270263672 0
168 386.319091796875 212.4188232421875 0
169 0.41467374563217163 57.152645111083984 0
170 54.81103515625 28.38471794128418 0
171 203.9612579345703 169.26800537109375 0
172 102.65059661865234 63.740638732910156 0
173 272.8897399902344 264.08477783203125 0
174 226.14593505859375 93.98583221435547 0
175 126.2248306274414 292.97686767578125 0
176 380.0852966308594 216.20819091796875 0
177 157.70921325683594 233.80723571777344 0
178 368.73876953125 92.05956268310547 0
179 252.87564086914062 220.55528259277344 0
180 77.01425170898438 297.55535888671875 0
181 117.82037353515625 183.3196563720703 0
182 451.09722900390625 297.1270751953125 0
183 164.99354553222656 58.263206481933594 0
184 473.1570129394531 130.3527374267578 0
185 375.6381530761719 159.0013885498047 0
186 213.0819549560547 167.6605682373047 0
187 185.95150756835938 179.74313354492188 0
188 81.70921325683594 256.0479431152344 0
189 24.60828399658203 226.1776123046875 0
190 154.6440887451172 137.47891235351562 0
191 162.97703552246094 242.65821838378906 0
192 383.5177307128906 181.11865234375 0
193 26.177101135253906 123.66928100585938 0
194 162.4107208251953 25.935766220092773 0
195 53.06538391113281 63.86909866333008 0
196 71.17418670654297 182.44813537597656 0
197 86.30824279785156 114.18680572509766 0
198 174.50897216796875 91.50985717773438 0
199 119.88508605957031 71.50909423828125 0
200 15.91715145111084 284.0327453613281 0
201 30.68729591369629 36.42642593383789 0
202 409.0191345214844 28.40679931640625 0
203 173.3166961669922 27.316789627075195 0
204 295.2338562011719 292.13037109375 0
205 422.7547302246094 239.72900390625 0
206 306.4476013183594 280.7817077636719 0
207 408.26507568359375 187.585693359375 0
208 244.05206298828125 50.959529876708984 0
209 293.70782470703125 57.16029739379883 0
210 461.6101379394531 224.1919708251953 0
211 24.386178970336914 146.0901641845703 0
212 117.41248321533203 56.058284759521484 0
213 478.6120910644531 47.872413635253906 0
214 445.3163757324219 138.8898468017578 0
215 433.36846923828125 277.3470153808594 0
216 77.51273345947266 237.41258239746094 0
217 177.76321411132812 214.60545349121094 0
218 41.24567413330078 174.5637664794922 0
219 485.41015625 273.5721740722656 0
220 343.0130920410156 199.46311950683594 0
221 487.439697265625 277.18902587890625 0
222 48.4055290222168 81.1380844116211 0
223 271.5325622558594 143.6919708251953 0
224 463.4949035644531 80.1003189086914 0
225 269.1869201660156 57.902923583984375 0
226 424.56268310546875 255.24069213867188 0
227 183.3701934814453 117.76786804199219 0
228 306.9622802734375 65.75675201416016 0
229 351.7735290527344 209.55618286132812 0
230 171.03790283203125 226.94749450683594 0
231 37.07830047607422 175.1947784423828 0
232 473.2774963378906 274.7062072753906 0
233 184.96031188964844 292.14410400390625 0
234 484.2547607421875 86.41355895996094 0
235 192.99856567382812 290.0317077636719 0
236 471.42083740234375 95.67906951904297 0
237 189.2227020263672 278.9425964355469 0
238 324.4333190917969 225.0 0
239 227.72332763671875 161.82443237304688 0
240 123.46583557128906 43.90319061279297 0
241 170.567138671875 247.89892578125 0
242 176.81919860839844 240.506103515625 0
243 340.1992492675781 275.2794494628906 0
244 283.15972900390625 271.67962646484375 0
245 294.58203125 289.17877197265625 0
246 405.83856201171875 31.116121292114258 0
247 298.5108337402344 207.1487274169922 0
248 82.00067138671875 145.60267639160156 0
249 238.86398315429688 34.72837829589844 0
250 227.56991577148438 177.66993713378906 0
251 358.9845886230469 73.6843032836914 0
252 40.7017707824707 77.5337142944336 0
253 267.9599914550781 290.7117004394531 0
254 450.92303466796875 288.8671875 0
255 214.25413513183594 287.0226135253906 0
256 8.932613372802734 271.43780517578125 0
257 99.96595001220703 28.681537628173828 0
258 262.9158630371094 59.013973236083984 0
259 151.92752075195312 263.8573913574219 0
260 21.229148864746094 123.19292449951172 0
261 58.92247772216797 66.3441390991211 0
262 458.44000244140625 62.921844482421875 0
263 230.49656677246094 104.76094055175781 0
264 281.96234130859375 285.4809875488281 0
265 132.14828491210938 243.77685546875 0
266 139.9051055908203 287.568115234375 0
267 404.1295471191406 37.51279830932617 0
268 117.25624084472656 184.86988830566406 0
269 176.65206909179688 75.9579086303711 0
270 37.15343475341797 175.12705993652344 0
271 152.98733520507812 292.7955322265625 0
272 356.746337890625 53.196136474609375 0
273 143.76336669921875 37.46784210205078 0
274 223.03443908691406 126.98141479492188 0
275 300.70416259765625 255.61671447753906 0
276 233.06829833984375 110.3575210571289 0
277 316.1229553222656 110.22195434570312 0
278 125.0306167602539 293.3233642578125 0
279 325.6728210449219 10.816672325134277 0
280 11.968372344970703 110.6248779296875 0
281 176.17355346679688 100.0931625366211 0
282 358.3248596191406 47.954586029052734 0
283 97.77605438232422 276.021240234375 0
284 190.9255828857422 139.5826416015625 0
285 150.2914581298828 3.2845330238342285 0
286 30.700180053710938 122.89458465576172 0
287 97.2035140991211 90.39897918701172 0
288 229.176513671875 23.80742073059082 0
289 97.69947814941406 278.3110656738281 0
290 294.6623229980469 152.4068145751953 0
291 296.99591064453125 102.58230590820312 0
292 397.0333557128906 190.3939208984375 0
293 38.30226135253906 154.44984436035156 0
294 47.175880432128906 51.051849365234375 0
295 15.956567764282227 176.1116180419922 0
296 457.3857727050781 288.4377136230469 0
297 238.58409118652344 282.5182189941406 0
298 302.4045104980469 225.37704467773438 0
299 173.57077026367188 205.76220703125 0
300 17.277196884155273 59.58415603637695 0
301 399.710205078125 208.83909606933594 0
302 387.84600830078125 193.85206604003906 0
303 3.574092149734497 213.11293029785156 0
304 12.44635009765625 119.75288391113281 0
305 316.97216796875 128.25294494628906 0
306 239.25277709960938 64.65961456298828 0
307 407.8099365234375 64.71632385253906 0
308 412.7242431640625 89.14710998535156 0
309 4.717695236206055 247.0358123779297 0
310 194.7283172607422 95.95072937011719 0
311 257.0169372558594 131.22935485839844 0
312 361.17767333984375 282.65728759765625 0
313 405.90576171875 161.5826873779297 0
314 313.3902587890625 238.17417907714844 0
315 70.18688201904297 80.86427307128906 0
316 84.8897476196289 47.76848220825195 0
317 430.427734375 133.7156524658203 0
318 368.99078369140625 133.08905029296875 0
319 129.13409423828125 275.51885986328125 0
320 40.267791748046875 12.080648422241211 0
321 191.3347930908203 218.47608947753906 0
322 293.8850402832031 119.07017517089844 0
323 209.916259765625 112.94551086425781 0
324 380.7696228027344 277.55145263671875 0
325 433.11260986328125 175.26051330566406 0
326 473.7377624511719 267.3155822753906 0
327 237.74790954589844 33.318580627441406 0
328 459.9386291503906 173.5707550048828 0
329 271.14373779296875 168.15921020507812 0
330 418.3594055175781 248.5655059814453 0
331 297.04693603515625 183.55918884277344 0
332 207.63827514648438 155.9764404296875 0
333 486.498291015625 236.35708618164062 0
334 459.06182861328125 204.94212341308594 0
335 53.25468826293945 207.77703857421875 0
336 342.3767395019531 214.1205291748047 0
337 245.19369506835938 190.45628356933594 0
338 247.92446899414062 176.5196533203125 0
339 268.07049560546875 207.1885223388672 0
340 7.612238883972168 23.095441818237305 0
341 236.0641632080078 165.57968139648438 0
342 459.3614501953125 207.23397827148438 0
343 214.74105834960938 287.87054443359375 0
344 44.92970275878906 153.22938537597656 0
345 346.3800964355469 37.11479187011719 0
346 219.3804931640625 29.74121856689453 0
347 425.0453796386719 89.70935821533203 0
348 241.9794158935547 123.96048736572266 0
349 119.35875701904297 179.95751953125 0
350 412.9239501953125 3.8347394466400146 0
351 324.6159362792969 64.90400695800781 0
352 18.068199157714844 264.198974609375 0
353 362.7060852050781 127.11487579345703 0
354 144.6828155517578 258.02978515625 0
355 438.23663330078125 49.383304595947266 0
356 135.2938995361328 16.286664962768555 0
357 402.33087158203125 158.52638244628906 0
358 253.77427673339844 158.92526245117188 0
359 471.7580871582031 45.49629592895508 0
360 148.11361694335938 95.66340637207031 0
361 100.37150573730469 125.96318817138672 0
362 407.67340087890625 7.952084064483643 0
363 202.27127075195312 109.33509826660156 0
364 429.2364807128906 93.34947967529297 0
365 381.67626953125 94.86459350585938 0
366 425.78955078125 40.117149353027344 0
367 233.17938232421875 211.04974365234375 0
368 234.73141479492188 283.353759765625 0
369 137.8775177001953 258.9710693359375 0
370 108.07817077636719 274.3527526855469 0
371 295.8094482421875 111.51439666748047 0
372 396.24072265625 272.1165466308594 0
373 3.20034122467041 58.613426208496094 0
374 469.0788269042969 40.080501556396484 0
375 404.20355224609375 273.70416259765625 0
376 353.18994140625 102.09691619873047 0
377 121.14683532714844 108.51718139648438 0
378 402.76959228515625 279.5992126464844 0
379 294.73089599609375 102.14201354980469 0
380 362.8846740722656 196.61361694335938 0
381 146.19586181640625 115.98186492919922 0
382 428.6289367675781 100.90615844726562 0
383 207.1607666015625 78.77517700195312 0
384 351.3850402832031 208.0489501953125 0
385 349.6595764160156 145.29434204101562 0
386 294.29534912109375 130.5610809326172 0
387 188.83740234375 38.64033126831055 0
388 493.0482482910156 206.5251922607422 0
389 323.8369140625 59.23570251464844 0
390 335.2156066894531 91.20222473144531 0
391 228.59751892089844 3.676974296569824 0
392 231.6302032470703 221.1626739501953 0
393 403.6048583984375 143.5409698486328 0
394 116.67219543457031 3.323931932449341 0
395 152.0705108642578 168.04835510253906 0
396 80.83622741699219 221.02920532226562 0
397 49.588069915771484 295.1711120605469 0
398 8.580399513244629 85.92501068115234 0
399 335.0025939941406 3.329399824142456 0
400 167.21231079101562 297.8897399902344 0
401 62.047672271728516 30.256698608398438 0
402 468.44586181640625 205.63739013671875 0
403 416.24517822265625 126.92090606689453 0
404 103.26671600341797 287.8663330078125 0
405 119.62932586669922 142.57249450683594 0
406 432.8731994628906 98.9443359375 0
407 317.04815673828125 152.04945373535156 0
408 403.7131042480469 244.1169891357422 0
409 262.11187744140625 18.402496337890625 0
410 343.0162048339844 167.09764099121094 0
411 498.2988586425781 212.71234130859375 0
412 282.7255554199219 247.64352416992188 0
413 61.29668045043945 288.65472412109375 0
414 454.3603515625 18.343219757080078 0
415 12.346912384033203 131.92709350585938 0
416 295.09619140625 218.3372344970703 0
417 349.178466796875 174.0850830078125 0
418 206.22821044921875 107.06431579589844 0
419 31.056297302246094 176.64459228515625 0
420 409.18603515625 163.37205505371094 0
421 497.5382995605469 254.4898223876953 0
422 51.39839553833008 194.45193481445312 0
423 156.72450256347656 217.685546875 0
424 224.55966186523438 175.05447387695312 0
425 368.0994567871094 167.7257843017578 0
426 271.2286071777344 130.31167602539062 0
427 447.5099182128906 188.0595245361328 0
428 172.19439697265625 165.23971557617188 0
429 177.38633728027344 19.417959213256836 0
430 426.6734924316406 130.61642456054688 0
431 214.0078582763672 8.025833129882812 0
432 160.15447998046875 298.42333984375 0
433 145.4276885986328 259.21368408203125 0
434 220.5879364013672 200.41429138183594 0
435 268.6158752441406 220.25582885742188 0
436 252.6210174560547 160.61770629882812 0
437 422.4443054199219 254.4428253173828 0
438 171.7063446044922 226.70114135742188 0
439 434.3289794921875 153.45579528808594 0
440 95.16829681396484 176.1230010986328 0
441 412.66192626953125 67.04327392578125 0
442 125.68854522705078 240.86705017089844 0
443 244.60560607910156 107.81008911132812 0
444 424.177001953125 159.30157470703125 0
445 239.3901824951172 114.61138916015625 0
446 253.6229705810547 125.32621002197266 0
447 390.94439697265625 30.603450775146484 0
448 123.27505493164062 163.4655303955078 0
449 220.50779724121094 71.43632507324219 0
450 313.3778381347656 213.939453125 0
451 99.8132095336914 125.38240051269531 0
452 414.6966247558594 163.9867401123047 0
453 348.4950866699219 240.37806701660156 0
454 74.19078063964844 110.83898162841797 0
455 245.57022094726562 213.01467895507812 0
456 398.4501037597656 287.73846435546875 0
457 394.1542053222656 1.4482351541519165 0
458 429.88751220703125 27.264440536499023 0
459 131.01829528808594 138.00624084472656 0
460 277.1852722167969 75.9783706665039 0
461 378.1575927734375 17.953189849853516 0
462 351.1205749511719 11.01998233795166 0
463 492.23291015625 288.43536376953125 0
464 229.65097045898438 142.7818603515625 0
465 279.5655517578125 256.0587463378906 0
466 452.01812744140625 18.16144561767578 0
467 409.3044738769531 172.86279296875 0
468 20.633031845092773 66.13551330566406 0
469 475.4535217285156 48.63591384887695 0
470 71.6340560913086 251.523193359375 0
471 429.63555908203125 272.577880859375 0
472 60.263877868652344 223.7996826171875 0
473 30.78934097290039 209.2469940185547 0
474 395.5895080566406 65.69393920898438 0
475 335.43359375 162.53955078125 0
476 250.5939178466797 61.049774169921875 0
477 82.7016830444336 77.13147735595703 0
478 268.2968444824219 113.05078887939453 0
479 112.03990173339844 69.37191009521484 0
480 82.31562042236328 52.405616760253906 0
481 188.27969360351562 149.05099487304688 0
482 471.15655517578125 180.4612579345703 0
483 298.7353820800781 209.77346801757812 0
484 69.53075408935547 294.45819091796875 0
485 130.04498291015625 28.852842330932617 0
486 367.1174011230469 241.26211547851562 0
487 28.663799285888672 127.6997299194336 0
488 235.45140075683594 141.90318298339844 0
489 298.2362365722656 100.61138916015625 0
490 436.99102783203125 22.124895095825195 0
491 189.51295471191406 23.67826271057129 0
492 486.92559814453125 73.8906478881836 0
493 394.04718017578125 106.20668029785156 0
494 357.9112548828125 259.41717529296875 0
495 261.5946044921875 144.61575317382812 0
496 340.6779479980469 152.80027770996094 0
497 322.95867919921875 183.19973754882812 0
498 399.3285827636719 194.66908264160156 0
499 14.963754653930664 77.45629119873047 0
500 89.15587615966797 12.551532745361328 0
501 272.3053283691406 93.86380004882812 0
502 36.93106460571289 33.75444412231445 0
503 372.21783447265625 165.05052185058594 0
504 118.87250518798828 288.5580749511719 0
505 92.21721649169922 251.2310333251953 0
506 309.88153076171875 69.39582061767578 0
507 368.6163024902344 137.59466552734375 0
508 219.1361083984375 76.43587493896484 0
509 224.07785034179688 123.01386260986328 0
510 71.76229095458984 241.60301208496094 0
511 266.16168212890625 27.99911880493164 0
512 344.05743408203125 81.5743179321289 0
513 45.638214111328125 169.26063537597656 0
514 410.6175231933594 85.6541976928711 0
515 3.282297134399414 114.54582214355469 0
516 415.7252197265625 196.67977905273438 0
517 126.92823791503906 44.60456848144531 0
518 138.48440551757812 292.22918701171875 0
519 286.7572326660156 9.193818092346191 0
520 381.4402770996094 119.40093231201172 0
521 16.105819702148438 270.9656982421875 0
522 375.8033142089844 279.3041687011719 0
523 257.52471923828125 84.89242553710938 0
524 362.8995056152344 297.145263671875 0
525 299.3843078613281 261.5650939941406 0
526 381.0977478027344 50.417362213134766 0
527 287.0139465332031 110.2612533569336 0
528 360.21954345703125 261.1960754394531 0
529 304.1789855957031 52.110687255859375 0
530 401.3147277832031 288.9147033691406 0
531 85.64118957519531 234.9966583251953 0
532 98.69136047363281 187.23947143554688 0
533 439.6131591796875 270.0140380859375 0
534 443.21612548828125 112.78541564941406 0
535 430.111083984375 244.3638458251953 0
536 231.15618896484375 194.41055297851562 0
537 293.5243225097656 47.49764633178711 0
538 491.2117919921875 89.69625091552734 0
539 441.16314697265625 276.1339416503906 0
540 233.89332580566406 69.96830749511719 0
541 230.1116485595703 159.4517364501953 0
542 322.0248107910156 186.8343048095703 0
543 468.4047546386719 268.32568359375 0
544 458.91058349609375 81.70856475830078 0
545 357.3643493652344 141.9005126953125 0
546 191.5797576904297 105.16753387451172 0
547 263.8707275390625 281.11083984375 0
548 430.52801513671875 15.224321365356445 0
549 358.4127197265625 121.93669891357422 0
550 294.5044250488281 222.732177734375 0
551 250.950439453125 11.24278450012207 0
552 99.14525604248047 248.1228790283203 0
553 305.9415283203125 164.98399353027344 0
554 21.635656356811523 246.55694580078125 0
555 320.3229675292969 92.36766815185547 0
556 390.0836181640625 48.309112548828125 0
557 203.80703735351562 220.24685668945312 0
558 165.920166015625 247.83279418945312 0
559 209.5410614013672 49.57761764526367 0
560 10.39305305480957 58.4443359375 0
561 124.99787139892578 220.20677185058594 0
562 352.1004638671875 129.93809509277344 0
563 147.90403747558594 151.5651092529297 0
564 101.51496124267578 103.69001007080078 0
565 440.0805358886719 265.0247802734375 0
566 90.57701873779297 253.92831420898438 0
567 73.26107025146484 78.7381591796875 0
568 450.6911926269531 34.845787048339844 0
569 255.27023315429688 297.70904541015625 0
570 480.83697509765625 21.099733352661133 0
571 352.38470458984375 0.6554936766624451 0
572 99.0102310180664 293.9911804199219 0
573 304.2674255371094 250.90753173828125 0
574 214.8402099609375 287.2364807128906 0
575 61.55571746826172 131.14122009277344 0
576 308.980712890625 164.74032592773438 0
577 163.00108337402344 221.1844940185547 0
578 155.75320434570312 258.1502685546875 0
579 8.99970531463623 4.438293933868408 0
580 479.5233459472656 144.21908569335938 0
581 281.4188537597656 1.6407444477081299 0
582 392.4215393066406 291.12225341796875 0
583 305.816162109375 290.7601623535156 0
584 221.27162170410156 248.8739776611328 0
585 451.465087890625 78.73660278320312 0
586 294.971435546875 201.8563690185547 0
587 417.0406188964844 144.6000518798828 0
588 430.0719299316406 241.2222900390625 0
589 455.38720703125 274.17718505859375 0
590 221.9312286376953 151.5535888671875 0
591 249.48031616210938 254.15704345703125 0
592 321.5737609863281 39.652687072753906 0
593 263.5111389160156 87.71936798095703 0
594 154.2629852294922 163.71620178222656 0
595 457.9643859863281 235.23866271972656 0
596 14.800827026367188 148.3857421875 0
597 275.6260986328125 71.75960540771484 0
598 156.69546508789062 95.29193115234375 0
599 276.64892578125 87.99900817871094 0
600 377.5931396484375 219.7037811279297 0
601 225.1201171875 43.56235122680664 0
602 191.74844360351562 161.76683044433594 0
603 307.0174560546875 209.87205505371094 0
604 471.81146240234375 235.55931091308594 0
605 490.005859375 215.9879913330078 0
606 436.8395080566406 90.81672668457031 0
607 319.2178039550781 233.0592803955078 0
608 61.194026947021484 170.67164611816406 0
609 179.9783477783203 2.5801377296447754 0
610 379.8636169433594 154.12615966796875 0
611 248.3755645751953 29.931238174438477 0
612 269.7566223144531 74.22075653076172 0
613 493.6446838378906 127.8712387084961 0
614 93.63640594482422 201.98460388183594 0
615 192.52520751953125 4.702253341674805 0
616 103.62654113769531 182.24801635742188 0
617 465.06646728515625 248.7661895751953 0
618 214.5912322998047 100.26911926269531 0
619 343.799072265625 264.7377014160156 0
620 174.2008819580078 147.87307739257812 0
621 343.75555419921875 267.8631286621094 0
622 276.1214904785156 244.42274475097656 0
623 409.51513671875 139.8531951904297 0
624 85.52003479003906 151.43634033203125 0
625 477.2640380859375 94.57096099853516 0
626 171.95790100097656 0.038336142897605896 0
627 204.8040771484375 192.96519470214844 0
628 73.7468032836914 127.67623138427734 0
629 190.508544921875 184.8827362060547 0
630 149.9722137451172 94.6567153930664 0
631 223.4161834716797 240.45216369628906 0
632 111.64193725585938 22.050838470458984 0
633 280.9699401855469 165.66456604003906 0
634 361.7971496582031 60.38909912109375 0
635 118.3489990234375 175.5859375 0
636 315.92657470703125 163.31321716308594 0
637 373.908935546875 124.31917572021484 0
638 118.65393829345703 201.9726104736328 0
639 148.93594360351562 263.39239501953125 0
640 120.42227935791016 14.449662208557129 0
641 6.738040924072266 219.6836700439453 0
642 128.77769470214844 239.8687286376953 0
643 276.0368957519531 50.301124572753906 0
644 302.859375 239.0904998779297 0
645 436.69085693359375 45.020755767822266 0
646 116.83112335205078 53.013675689697266 0
647 211.97108459472656 206.94305419921875 0
648 78.2439193725586 195.50259399414062 0
649 290.9288024902344 148.9628448486328 0
650 350.6976623535156 220.83035278320312 0
651 356.833251953125 297.45587158203125 0
652 96.67440032958984 145.27296447753906 0
653 303.22662353515625 95.26846313476562 0
654 226.04417419433594 139.11117553710938 0
655 177.83314514160156 243.65625 0
656 308.498291015625 138.79307556152344 0
657 6.3763909339904785 117.25022888183594 0
658 184.04415893554688 259.3809814453125 0
659 213.29966735839844 127.43844604492188 0
660 284.6994323730469 214.65296936035156 0
661 374.4516296386719 297.73388671875 0
662 362.6519775390625 76.34976196289062 0
663 7.989768981933594 249.75860595703125 0
664 205.40676879882812 25.05462074279785 0
665 34.07135009765625 280.4076232910156 0
666 6.818653106689453 63.064064025878906 0
667 411.3428649902344 139.56405639648438 0
668 354.41497802734375 274.35406494140625 0
669 288.80499267578125 193.42138671875 0
670 288.0400695800781 228.36709594726562 0
671 295.3216857910156 81.02711486816406 0
672 82.60780334472656 32.84153366088867 0
673 325.8590087890625 241.094970703125 0
674 308.6278991699219 46.2762565612793 0
675 373.4795227050781 102.4427261352539 0
676 328.1743469238281 262.8689270019531 0
677 99.18553161621094 94.59490203857422 0
678 191.09429931640625 81.88794708251953 0
679 427.8953552246094 145.14927673339844 0
680 406.5094909667969 269.43414306640625 0
681 8.15354061126709 187.43910217285156 0
682 278.0404968261719 13.418777465820312 0
683 375.61663818359375 105.8318862915039 0
684 407.68878173828125 262.33160400390625 0
685 115.92377471923828 196.68878173828125 0
686 92.94032287597656 124.99262237548828 0
687 231.25111389160156 20.567806243896484 0
688 164.40797424316406 191.97824096679688 0
689 276.6673889160156 265.68701171875 0
690 337.2091064453125 219.782958984375 0
691 147.3475799560547 133.9730224609375 0
692 378.2789001464844 96.0243911743164 0
693 165.769287109375 99.20327758789062 0
694 323.9485168457031 178.1197509765625 0
695 339.2070007324219 71.80956268310547 0
696 117.37115478515625 68.85906219482422 0
697 332.1567077636719 136.84339904785156 0
698 373.7582092285156 160.17030334472656 0
699 325.76373291015625 10.412917137145996 0
700 22.891170501708984 141.11878967285156 0
701 16.893714904785156 85.58424377441406 0
702 323.0046081542969 27.803497314453125 0
703 43.178260803222656 211.29888916015625 0
704 187.88845825195312 131.3095245361328 0
705 107.18211364746094 67.2925796508789 0
706 419.9376525878906 35.24675750732422 0
707 12.781675338745117 164.3092041015625 0
708 295.88043212890625 206.65101623535156 0
709 219.9095458984375 112.08733367919922 0
710 9.046030044555664 113.14507293701172 0
711 370.0124206542969 157.6553955078125 0
712 232.2858428955078 265.25286865234375 0
713 33.88522720336914 103.4048843383789 0
714 29.041629791259766 245.6315460205078 0
715 185.9862518310547 68.22020721435547 0
716 6.557758331298828 226.73187255859375 0
717 114.90425872802734 255.62646484375 0
718 474.8636779785156 15.018739700317383 0
719 138.33993530273438 140.4759979248047 0
720 447.9066467285156 93.37972259521484 0
721 102.78070831298828 180.1273193359375 0
722 99.09339904785156 263.72027587890625 0
723 212.9889678955078 197.37933349609375 0
724 262.5040588378906 218.99087524414062 0
725 254.4904327392578 70.60673522949219 0
726 253.1695098876953 298.0120544433594 0
727 243.44061279296875 101.60145568847656 0
728 165.05795288085938 197.45944213867188 0
729 462.5640869140625 113.55860900878906 0
730 393.79559326171875 33.24237060546875 0
731 219.30213928222656 160.4536590576172 0
732 422.6494140625 258.25494384765625 0
733 492.87115478515625 4.741628170013428 0
734 404.9295959472656 55.10054016113281 0
735 420.6255187988281 242.86720275878906 0
736 273.7226867675781 130.88595581054688 0
737 310.93511962890625 227.50868225097656 0
738 10.746196746826172 146.5530242919922 0
739 59.72871017456055 51.78701400756836 0
740 310.1177978515625 15.461297988891602 0
741 490.9212646484375 223.854736328125 0
742 179.96290588378906 205.0568389892578 0
743 237.13455200195312 70.33856964111328 0
744 35.03728103637695 271.4578857421875 0
745 326.4366760253906 64.04253387451172 0
746 46.92006301879883 49.659385681152344 0
747 143.26759338378906 75.12737274169922 0
748 434.8375244140625 111.80481719970703 0
749 387.2841491699219 295.6656799316406 0
750 499.8057556152344 92.59406280517578 0
751 62.549678802490234 285.0303955078125 0
752 27.53485107421875 164.39303588867188 0
753 391.30950927734375 128.00828552246094 0
754 211.4161376953125 124.98120880126953 0
755 361.5347595214844 88.83868408203125 0
756 475.9175720214844 38.1197509765625 0
757 385.484130859375 182.56057739257812 0
758 12.841708183288574 141.24359130859375 0
759 267.7237548828125 170.11097717285156 0
760 478.15423583984375 105.57736206054688 0
761 355.3623046875 215.54994201660156 0
762 135.47027587890625 1.8458445072174072 0
763 370.6998291015625 122.59699249267578 0
764 273.7890319824219 289.4958190917969 0
765 7.054617404937744 293.34674072265625 0
766 471.6972351074219 208.96731567382812 0
767 402.2249755859375 224.5904998779297 0
768 228.01449584960938 115.04822540283203 0
769 90.85778045654297 176.60418701171875 0
770 129.73367309570312 144.71759033203125 0
771 476.9383239746094 215.57101440429688 0
772 82.11265563964844 165.12867736816406 0
773 260.6816711425781 143.9918212890625 0
774 182.90301513671875 96.50415802001953 0
775 100.29698944091797 293.49371337890625 0
776 82.9549789428711 50.712013244628906 0
777 88.41395568847656 261.38177490234375 0
778 138.81692504882812 269.1614685058594 0
779 375.39971923828125 26.087026596069336 0
780 329.4516906738281 83.40470123291016 0
781 477.3633117675781 277.3473815917969 0
782 278.8207702636719 258.45098876953125 0
783 465.3345642089844 244.51702880859375 0
784 298.8412780761719 112.29619598388672 0
785 343.9213562011719 0.8332573771476746 0
786 143.09976196289062 135.54132080078125 0
787 492.690673828125 162.7781982421875 0
788 140.7106170654297 162.2202911376953 0
789 61.58454132080078 91.85667419433594 0
790 61.83579635620117 167.0780029296875 0
791 182.8749237060547 41.169986724853516 0
792 451.6365051269531 85.53572082519531 0
793 286.4758605957031 271.0989685058594 0
794 257.8063049316406 170.45230102539062 0
795 182.8744354248047 287.2182312011719 0
796 368.3392028808594 14.53540325164795 0
797 408.5078430175781 129.2470245361328 0
798 170.81504821777344 178.87831115722656 0
799 112.10478973388672 262.40118408203125 0
800 442.2384033203125 176.59378051757812 0
801 497.3268127441406 291.9435729980469 0
802 279.3460693359375 265.88775634765625 0
803 26.98553466796875 138.03936767578125 0
804 383.3025207519531 209.16151428222656 0
805 237.17929077148438 271.20635986328125 0
806 319.8309326171875 153.85205078125 0
807 105.88282012939453 218.7084503173828 0
808 386.0819091796875 286.71697998046875 0
809 469.84124755859375 209.1748046875 0
810 428.9204406738281 206.14051818847656 0
811 486.0601501464844 26.53490447998047 0
812 375.8163146972656 146.78396606445312 0
813 89.75048828125 295.0442810058594 0
814 359.1507263183594 77.52482604980469 0
815 309.2779235839844 114.73343658447266 0
816 137.50759887695312 277.1248474121094 0
817 160.48338317871094 111.04670715332031 0
818 43.39505386352539 72.43840026855469 0
819 157.68214416503906 53.74586868286133 0
820 415.84814453125 1.2187074422836304 0
821 246.7158660888672 238.33741760253906 0
822 408.4914855957031 135.70050048828125 0
823 186.6230926513672 208.3406219482422 0
824 198.8954620361328 174.1337432861328 0
825 80.80992889404297 128.647216796875 0
826 463.4373474121094 175.31431579589844 0
827 386.044677734375 299.03228759765625 0
828 23.384050369262695 275.9033508300781 0
829 308.16583251953125 122.55924987792969 0
830 312.5407409667969 91.94835662841797 0
831 27.084779739379883 116.1806640625 0
832 264.5644836425781 164.51515197753906 0
833 180.48086547851562 270.27008056640625 0
834 368.92022705078125 64.7105941772461 0
835 475.5275573730469 30.12863540649414 0
836 498.4610290527344 25.622617721557617 0
837 191.05532836914062 85.69412994384766 0
838 168.7427520751953 217.82469177246094 0
839 178.74806213378906 215.73814392089844 0
840 149.43783569335938 231.08828735351562 0
841 271.2860107421875 139.77117919921875 0
842 311.5910339355469 67.81773376464844 0
843 257.7900390625 284.683837890625 0
844 260.96484375 193.46824645996094 0
845 292.48828125 173.83590698242188 0
846 177.35035705566406 25.8287353515625 0
847 261.2173156738281 193.86363220214844 0
848 352.47357177734375 178.5471649169922 0
849 242.18707275390625 188.90928649902344 0
850 195.00619506835938 104.64749908447266 0
851 262.3794860839844 73.2855224609375 0
852 450.1937561035156 213.03314208984375 0
853 69.01744842529297 241.77076721191406 0
854 63.742488861083984 55.09294891357422 0
855 106.7325668334961 291.7901916503906 0
856 4.861171722412109 199.52198791503906 0
857 315.37548828125 153.67105102539062 0
858 451.7317199707031 131.34048461914062 0
859 240.85528564453125 153.9686737060547 0
860 34.18765640258789 25.84000587463379 0
861 281.9599609375 112.5444564819336 0
862 323.00732421875 259.8077087402344 0
863 179.80140686035156 296.63427734375 0
864 452.98345947265625 30.874929428100586 0
865 93.34561157226562 224.58050537109375 0
866 167.8089141845703 261.2078857421875 0
867 294.42889404296875 128.20867919921875 0
868 178.822998046875 164.00424194335938 0
869 158.7284698486328 146.01397705078125 0
870 36.791038513183594 250.38040161132812 0
871 225.34661865234375 29.3808536529541 0
872 226.1443328857422 150.23025512695312 0
873 146.98391723632812 0.9928855299949646 0
874 404.4861145019531 113.50782775878906 0
875 355.1190185546875 108.39878845214844 0
876 126.67318725585938 48.13138198852539 0
877 220.1781005859375 266.38360595703125 0
878 12.412121772766113 37.32876968383789 0
879 395.369384765625 279.35308837890625 0
880 139.06201171875 62.73889923095703 0
881 394.6734619140625 179.37278747558594 0
882 467.21575927734375 239.95594787597656 0
883 270.4226989746094 206.8118438720703 0
884 335.634765625 50.44871520996094 0
885 23.96868324279785 298.7251892089844 0
886 494.2414855957031 227.90882873535156 0
887 104.12808227539062 135.16632080078125 0
888 279.12799072265625 128.0773162841797 0
889 22.41413688659668 225.55679321289062 0
890 371.9173278808594 78.97039031982422 0
891 241.50204467773438 96.0465087890625 0
892 127.31900787353516 273.17144775390625 0
893 73.94293975830078 264.48297119140625 0
894 197.34800720214844 25.476985931396484 0
895 361.832763671875 162.1663818359375 0
896 128.43150329589844 177.6807861328125 0
897 194.95864868164062 281.0003967285156 0
898 258.5057373046875 87.65119171142578 0
899 364.8863830566406 290.9577331542969 0
900 95.2094497680664 92.10308837890625 0
901 145.52008056640625 185.96278381347656 0
902 413.4098205566406 81.58658599853516 0
903 336.8553161621094 176.35238647460938 0
904 70.54979705810547 172.2110595703125 0
905 307.9638366699219 253.0093231201172 0
906 1.685300350189209 101.4940185546875 0
907 27.690170288085938 202.07177734375 0
908 22.584699630737305 115.47039031982422 0
909 277.1051940917969 149.80543518066406 0
910 438.8912353515625 150.81886291503906 0
911 396.4549560546875 164.7837371826172 0
912 32.10378646850586 49.25838088989258 0
913 31.1579532623291 138.9552001953125 0
914 269.0096130371094 71.83828735351562 0
915 406.34661865234375 10.485377311706543 0
916 60.20712661743164 107.9924545288086 0
917 177.51406860351562 179.44467163085938 0
918 75.48515319824219 98.3482894897461 0
919 376.019775390625 2.471729040145874 0
920 9.079569816589355 111.27790069580078 0
921 392.5232849121094 234.4757080078125 0
922 276.20672607421875 31.049640655517578 0
923 318.856689453125 214.24951171875 0
924 413.77703857421875 230.1844024658203 0
925 299.413818359375 66.54943084716797 0
926 452.82122802734375 210.2421875 0
927 326.82366943359375 215.75527954101562 0
928 227.9154052734375 3.760441780090332 0
929 153.49452209472656 175.65895080566406 0
930 489.7701416015625 35.43685531616211 0
931 180.55404663085938 196.23741149902344 0
932 291.152587890625 42.895294189453125 0
933 328.779052734375 211.45045471191406 0
934 423.439697265625 56.494815826416016 0
935 492.298828125 42.16126251220703 0
936 191.3544158935547 33.637638092041016 0
937 225.17286682128906 265.2123107910156 0
938 26.815349578857422 235.90306091308594 0
939 313.3852233886719 163.4969482421875 0
940 359.33514404296875 227.0804901123047 0
941 340.3636474609375 22.551313400268555 0
942 280.0306701660156 256.79583740234375 0
943 262.8239440917969 136.74903869628906 0
944 359.0628356933594 177.92149353027344 0
945 375.5555114746094 132.6156463623047 0
946 2.2020769119262695 26.331356048583984 0
947 358.705810546875 8.087491035461426 0
948 461.22052001953125 268.808349609375 0
949 369.18817138671875 24.72381591796875 0
950 44.939170837402344 99.0330581665039 0
951 359.0281982421875 174.93946838378906 0
952 213.01390075683594 232.57826232910156 0
953 477.78094482421875 278.2589111328125 0
954 72.92205047607422 19.7048397064209 0
955 43.59210205078125 39.4010009765625 0
956 342.1156311035156 59.50131607055664 0
957 148.04298400878906 26.687719345092773 0
958 81.93572998046875 160.52967834472656 0
959 493.6105041503906 201.82827758789062 0
960 457.6374816894531 51.6367073059082 0
961 49.38977813720703 51.56395721435547 0
962 429.7524719238281 101.9609375 0
963 50.66827392578125 137.9676055908203 0
964 136.020751953125 161.4114227294922 0
965 261.0068664550781 97.37491607666016 0
966 280.2527160644531 182.0157928466797 0
967 261.6747741699219 177.98373413085938 0
968 104.73519134521484 26.530799865722656 0
969 332.6012878417969 13.091055870056152 0
970 486.1750793457031 13.580154418945312 0
971 241.4493408203125 180.7455596923828 0
972 361.677734375 288.330078125 0
973 462.98138427734375 1.2778953313827515 0
974 60.88615036010742 144.33436584472656 0
975 9.580525398254395 271.7288513183594 0
976 193.1610870361328 155.67669677734375 0
977 165.6055145263672 130.6294403076172 0
978 14.560775756835938 208.90924072265625 0
979 483.19964599609375 87.89542388916016 0
980 178.38330078125 51.53231430053711 0
981 415.24066162109375 242.78268432617188 0
982 455.1632080078125 197.88153076171875 0
983 432.3092346191406 247.9077606201172 0
984 393.26824951171875 254.28419494628906 0
985 394.8709411621094 259.2724304199219 0
986 479.6200866699219 143.21859741210938 0
987 329.30706787109375 241.03887939453125 0
988 151.56851196289062 20.95532989501953 0
989 86.99714660644531 69.48603820800781 0
990 5.575450420379639 194.78123474121094 0
991 149.34632873535156 203.1365966796875 0
992 246.12063598632812 254.40245056152344 0
993 78.4678955078125 55.47695541381836 0
994 319.11895751953125 137.4942626953125 0
995 303.17266845703125 23.001630783081055 0
996 278.1435241699219 251.6115264892578 0
997 72.98265075683594 84.49715423583984 0
998 238.87741088867188 173.79434204101562 0
999 9.0786771774292 97.5387954711914 0
1000 287.4709167480469 145.20013427734375 0
1001 230.4076385498047 275.1072082519531 0
1002 421.8604431152344 70.96405792236328 0
1003 35.61626434326172 29.040916442871094 0
1004 21.60805320739746 25.235797882080078 0
1005 77.04515838623047 17.72364044189453 0
1006 461.45111083984375 147.96205139160156 0
1007 371.70794677734375 32.96458435058594 0
1008 306.5036315917969 3.4800326824188232 0
1009 355.9967956542969 205.4630126953125 0
1010 52.93174743652344 151.35824584960938 0
1011 5.797266006469727 299.5572509765625 0
1012 106.92744445800781 157.167236328125 0
1013 311.76129150390625 206.1418914794922 0
1014 126.93597412109375 244.9837188720703 0
1015 120.67926788330078 227.695068359375 0
1016 489.34417724609375 264.4278564453125 0
1017 28.207721710205078 81.29229736328125 0
1018 476.21722412109375 12.904539108276367 0
1019 135.65142822265625 124.29065704345703 0
1020 325.1744689941406 218.4652557373047 0
1021 64.06438446044922 33.051856994628906 0
1022 26.124595642089844 150.3289794921875 0
1023 152.62583923339844 237.63050842285156 0
1024 197.33328247070312 282.5955810546875 0
1025 255.06434631347656 234.7880859375 0
1026 24.17667579650879 192.05743408203125 0
1027 487.8431396484375 168.0010986328125 0
1028 97.93666076660156 123.26006317138672 0
1029 176.88804626464844 76.31620788574219 0
1030 49.123809814453125 103.08440399169922 0
1031 95.82894134521484 273.9631042480469 0
1032 130.06723022460938 133.1190643310547 0
1033 388.0436096191406 129.56980895996094 0
1034 364.8895263671875 130.96202087402344 0
1035 317.2332458496094 167.6334686279297 0
1036 51.48921585083008 231.33741760253906 0
1037 196.8256072998047 15.583807945251465 0
1038 269.7817077636719 294.5343322753906 0
1039 7.193595886230469 267.3340759277344 0
1040 123.20356750488281 103.17008209228516 0
1041 321.49267578125 128.64898681640625 0
1042 216.36436462402344 58.65199279785156 0
1043 225.86256408691406 150.96693420410156 0
1044 350.7336730957031 115.95793151855469 0
1045 437.804931640625 248.49761962890625 0
1046 102.38008880615234 19.47626304626465 0
1047 297.7400207519531 128.47508239746094 0
1048 331.0326232910156 123.64270782470703 0
1049 233.06153869628906 146.37933349609375 0
1050 258.1144714355469 299.9822692871094 0
1051 171.4511260986328 226.7484588623047 0
1052 42.90214538574219 46.91063690185547 0
1053 210.77906799316406 165.88694763183594 0
1054 280.59259033203125 30.270465850830078 0
1055 136.61045837402344 155.334228515625 0
1056 43.81444549560547 191.07415771484375 0
1057 115.15152740478516 134.3911895751953 0
1058 489.9985656738281 262.2958068847656 0
1059 79.4128646850586 296.3110046386719 0
1060 161.02703857421875 238.80093383789062 0
1061 469.4323425292969 135.94412231445312 0
1062 408.7084655761719 143.62408447265625 0
1063 83.59188079833984 236.68612670898438 0
1064 389.88153076171875 129.7998504638672 0
1065 347.3791809082031 151.51031494140625 0
1066 288.3275146484375 249.82476806640625 0
1067 308.38604736328125 136.67578125 0
1068 337.17669677734375 114.57292938232422 0
1069 121.90215301513672 147.3854217529297 0
1070 335.1219482421875 50.10956573486328 0
1071 200.15408325195312 102.22663116455078 0
1072 172.50701904296875 44.3430061340332 0
1073 60.0559196472168 167.66116333007812 0
1074 409.23638916015625 255.82630920410156 0
1075 219.27923583984375 5.139213562011719 0
1076 175.45640563964844 134.2661590576172 0
1077 258.5165100097656 61.59654998779297 0
1078 98.08721923828125 176.41744995117188 0
1079 389.00360107421875 169.15171813964844 0
1080 91.53874206542969 112.03851318359375 0
1081 38.68329620361328 51.75436019897461 0
1082 189.3224639892578 82.45244598388672 0
1083 97.83303833007812 115.343994140625 0
1084 134.7751007080078 39.00667190551758 0
1085 45.546966552734375 123.76236724853516 0
1086 193.7391357421875 50.34356689453125 0
1087 212.1531524658203 135.22091674804688 0
1088 99.79866027832031 165.89120483398438 0
1089 419.4638366699219 193.55874633789062 0
1090 193.54844665527344 38.35443115234375 0
1091 180.69728088378906 34.83464813232422 0
1092 171.37779235839844 260.2325134277344 0
1093 34.977359771728516 82.98097229003906 0
1094 416.37939453125 18.510581970214844 0
1095 437.5066833496094 268.30499267578125 0
1096 144.24801635742188 117.66852569580078 0
1097 425.82745361328125 209.5576171875 0
1098 60.41173553466797 264.0215759277344 0
1099 35.02397155761719 254.09744262695312 0
1100 391.1434326171875 44.15353012084961 0
1101 140.28807067871094 71.36229705810547 0
1102 21.028465270996094 166.82394409179688 0
1103 63.9600944519043 142.41807556152344 0
1104 41.918190002441406 171.2275390625 0
1105 395.9737854003906 82.78946685791016 0
1106 294.37896728515625 34.854312896728516 0
1107 41.575748443603516 77.0847396850586 0
1108 461.648681640625 241.4456024169922 0
1109 28.25601577758789 92.11094665527344 0
1110 458.2430114746094 193.6621856689453 0
1111 75.01758575439453 70.2341079711914 0
1112 240.60707092285156 76.07636260986328 0
1113 351.42962646484375 286.6730651855469 0
1114 255.58645629882812 191.9716796875 0
1115 231.35011291503906 83.22357177734375 0
1116 33.996883392333984 112.17926788330078 0
1117 176.77012634277344 66.59343719482422 0
1118 431.19915771484375 85.80158233642578 0
1119 170.9236297607422 282.0877380371094 0
1120 214.34104919433594 271.1698913574219 0
1121 356.6225891113281 142.81689453125 0
1122 96.8060073852539 150.7532196044922 0
1123 225.7191162109375 10.908744812011719 0
1124 424.4131774902344 295.9825744628906 0
1125 348.6625671386719 290.3899230957031 0
1126 25.041141510009766 247.07525634765625 0
1127 229.31048583984375 101.4595718383789 0
1128 243.60276794433594 268.9399719238281 0
1129 419.4698486328125 262.8129577636719 0
1130 397.6766357421875 137.11521911621094 0
1131 30.084842681884766 12.480239868164062 0
1132 305.60479736328125 97.43859100341797 0
1133 231.5554962158203 48.33006286621094 0
1134 158.49571228027344 29.76658821105957 0
1135 244.36151123046875 266.9456481933594 0
1136 330.3243713378906 129.55999755859375 0
1137 182.98294067382812 224.01499938964844 0
1138 246.2015838623047 101.52134704589844 0
1139 431.0503234863281 30.685001373291016 0
1140 157.88722229003906 36.71693801879883 0
1141 493.72357177734375 238.5135498046875 0
1142 107.75212860107422 218.73699951171875 0
1143 494.4898986816406 150.71160888671875 0
1144 497.6463928222656 75.44367980957031 0
1145 157.88787841796875 29.301069259643555 0
1146 17.51130485534668 260.72760009765625 0
1147 247.10629272460938 146.62310791015625 0
1148 230.075927734375 215.4400177001953 0
1149 5.9719672203063965 255.3148193359375 0
1150 352.60784912109375 18.288175582885742 0
1151 188.53317260742188 223.4308624267578 0
1152 224.44227600097656 195.97840881347656 0
1153 246.26109313964844 100.82046508789062 0
1154 99.89180755615234 117.2617416381836 0
1155 182.8333740234375 249.17831420898438 0
1156 260.1436767578125 47.78339385986328 0
1157 479.52996826171875 81.37210845947266 0
1158 494.87969970703125 91.75859069824219 0
1159 340.4632873535156 15.70746898651123 0
1160 264.6086120605469 92.49291229248047 0
1161 306.1808776855469 257.7250671386719 0
1162 318.0787353515625 6.636945724487305 0
1163 36.62001419067383 75.93297576904297 0
1164 205.64353942871094 106.81068420410156 0
1165 269.9603576660156 238.56109619140625 0
1166 499.0808410644531 103.8544692993164 0
1167 122.61233520507812 125.98314666748047 0
1168 101.12086486816406 113.45923614501953 0
1169 7.394550800323486 227.88504028320312 0
1170 303.81707763671875 222.30003356933594 0
1171 11.895998001098633 75.56730651855469 0
1172 233.89749145507812 236.04273986816406 0
1173 97.08441162109375 47.95270538330078 0
1174 5.363188743591309 215.71507263183594 0
1175 447.4138488769531 24.928808212280273 0
1176 284.8548278808594 129.92918395996094 0
1177 228.0010986328125 43.588897705078125 0
1178 63.68651580810547 268.31390380859375 0
1179 381.881591796875 241.7431182861328 0
1180 221.9506072998047 76.26122283935547 0
1181 430.9222412109375 48.75539016723633 0
1182 464.7255859375 82.71238708496094 0
1183 27.659757614135742 206.32037353515625 0
1184 408.1735534667969 201.20504760742188 0
1185 242.14964294433594 171.22792053222656 0
1186 494.1922607421875 189.77438354492188 0
1187 257.8523254394531 68.47174072265625 0
1188 16.290931701660156 57.546634674072266 0
1189 293.649169921875 26.241750717163086 0
1190 346.4875793457031 4.9851813316345215 0
1191 165.27301025390625 134.3990020751953 0
1192 463.2801818847656 280.7448425292969 0
1193 448.7533874511719 24.96505355834961 0
1194 94.12175750732422 230.96153259277344 0
1195 210.9193572998047 76.96659851074219 0
1196 202.3349151611328 6.550579071044922 0
1197 227.56748962402344 298.6595764160156 0
1198 168.02877807617188 180.7074432373047 0
1199 18.59575653076172 237.71575927734375 0
1200 335.3360595703125 12.301694869995117 0
1201 391.2192687988281 114.38803100585938 0
1202 124.16674041748047 171.22523498535156 0
1203 497.3255310058594 263.9798583984375 0
1204 133.67860412597656 19.002521514892578 0
1205 179.09375 113.12724304199219 0
1206 96.79383087158203 12.091195106506348 0
1207 98.19319152832031 299.46051025390625 0
1208 180.34478759765625 266.29791259765625 0
1209 318.1930847167969 176.14698791503906 0
1210 463.8111877441406 288.6051940917969 0
1211 137.25701904296875 121.62368774414062 0
1212 471.1142578125 147.45086669921875 0
1213 48.76203155517578 200.51336669921875 0
1214 374.5630798339844 14.123641014099121 0
1215 241.17300415039062 94.27533721923828 0
1216 437.80169677734375 266.43316650390625 0
1217 35.32045364379883 39.57640075683594 0
1218 415.48468017578125 201.1852569580078 0
1219 97.17051696777344 78.67575073242188 0
1220 481.4127502441406 254.23841857910156 0
1221 157.242431640625 39.30109405517578 0
1222 313.98883056640625 176.0387725830078 0
1223 314.02044677734375 21.55221939086914 0
1224 228.10891723632812 56.52707290649414 0
1225 298.02337646484375 76.30142211914062 0
1226 205.9814453125 236.18226623535156 0
1227 325.63629150390625 13.369144439697266 0
1228 345.87158203125 179.7122344970703 0
1229 377.37548828125 178.43650817871094 0
1230 117.39720153808594 25.523265838623047 0
1231 393.9490661621094 85.21517944335938 0
1232 384.7563781738281 57.59638214111328 0
1233 495.2921447753906 183.8285369873047 0
1234 435.1451416015625 76.76908874511719 0
1235 392.696533203125 87.66667938232422 0
1236 228.6283416748047 75.66778564453125 0
1237 182.22201538085938 169.1615447998047 0
1238 267.8556823730469 245.65679931640625 0
1239 178.76707458496094 69.98675537109375 0
1240 371.2680358886719 265.166259765625 0
1241 374.4932556152344 153.12069702148438 0
1242 221.81906127929688 236.63214111328125 0
1243 482.7395935058594 153.01956176757812 0
1244 354.7401123046875 154.0276336669922 0
1245 359.1287536621094 55.83124542236328 0
1246 242.50619506835938 294.5867614746094 0
1247 375.2591857910156 164.1388397216797 0
1248 332.91400146484375 136.81614685058594 0
1249 57.192726135253906 70.15670013427734 0
1250 297.0622253417969 212.2632598876953 0
1251 490.8898010253906 277.61041259765625 0
1252 348.0281982421875 0.754341185092926 0
1253 139.8094940185547 175.71542358398438 0
1254 298.16387939453125 277.9372253417969 0
1255 316.0843200683594 78.72789001464844 0
1256 33.1881103515625 219.95977783203125 0
1257 95.99502563476562 1.4751015901565552 0
1258 294.6307678222656 62.985931396484375 0
1259 472.9127197265625 145.0807342529297 0
1260 78.68859100341797 4.997791290283203 0
1261 496.4418029785156 17.784610748291016 0
1262 79.18148803710938 23.952550888061523 0
1263 55.18877410888672 113.3145980834961 0
1264 425.05133056640625 269.85986328125 0
1265 322.39776611328125 13.702322959899902 0
1266 488.7252502441406 168.71595764160156 0
1267 198.6362762451172 174.74264526367188 0
1268 270.6681823730469 253.47694396972656 0
1269 353.7796325683594 190.48052978515625 0
1270 297.579345703125 11.374961853027344 0
1271 191.73501586914062 118.16780090332031 0
1272 106.94061279296875 7.876915454864502 0
1273 235.66189575195312 77.06527709960938 0
1274 229.00347900390625 215.4564208984375 0
1275 58.887393951416016 13.275028228759766 0
1276 118.80634307861328 40.09590530395508 0
1277 467.28118896484375 148.47079467773438 0
1278 235.4410858154297 100.05691528320312 0
1279 172.5462188720703 102.95289611816406 0
1280 413.54339599609375 269.9524841308594 0
1281 182.69760131835938 2.88828444480896 0
1282 322.8589172363281 258.5270080566406 0
1283 75.94422912597656 247.90419006347656 0
1284 165.74240112304688 240.79440307617188 0
1285 217.25274658203125 228.38803100585938 0
1286 319.5747375488281 114.30758666992188 0
1287 323.0662536621094 241.90451049804688 0
1288 391.3377990722656 195.32693481445312 0
1289 78.96577453613281 165.07444763183594 0
1290 114.96469116210938 113.52782440185547 0
1291 267.50408935546875 291.0686340332031 0
1292 188.58848571777344 3.6326048374176025 0
1293 69.00780487060547 43.553443908691406 0
1294 18.439781188964844 28.97380256652832 0
1295 356.83544921875 125.483642578125 0
1296 408.8984680175781 205.49130249023438 0
1297 420.3951110839844 155.57130432128906 0
1298 14.083409309387207 225.03750610351562 0
1299 114.16691589355469 86.56847381591797 0
1300 345.3682556152344 204.1103515625 0
1301 449.04217529296875 287.6846923828125 0
1302 311.3394775390625 208.25535583496094 0
1303 113.48197174072266 108.5191421508789 0
1304 151.9678192138672 123.37384796142578 0
1305 336.3148498535156 23.82090187072754 0
1306 217.14239501953125 263.0456848144531 0
1307 380.43450927734375 87.19900512695312 0
1308 331.2210693359375 15.720731735229492 0
1309 287.2244567871094 297.58807373046875 0
1310 479.8791809082031 47.25468444824219 0
1311 275.2286682128906 104.83353424072266 0
1312 253.29330444335938 82.7607650756836 0
1313 433.4032287597656 50.19426727294922 0
1314 380.57464599609375 97.11988067626953 0
1315 39.22523498535156 253.8688201904297 0
1316 294.3717346191406 245.73806762695312 0
1317 475.00213623046875 224.8352813720703 0
1318 471.68994140625 266.26092529296875 0
1319 311.9157409667969 178.35330200195312 0
1320 307.2298583984375 177.95130920410156 0
1321 180.6512908935547 103.41021728515625 0
1322 488.9254150390625 298.3067321777344 0
1323 49.904396057128906 26.2021541595459 0
1324 261.8662109375 86.2402114868164 0
1325 489.62359619140625 166.42433166503906 0
1326 86.41799926757812 7.768404006958008 0
1327 404.5389099121094 80.70344543457031 0
1328 19.10834312438965 203.64739990234375 0
1329 85.34268188476562 231.93856811523438 0
1330 170.72434997558594 218.76760864257812 0
1331 239.83035278320312 14.625761032104492 0
1332 325.07244873046875 30.36531639099121 0
1333 434.3752746582031 4.424971103668213 0
1334 233.97967529296875 286.22930908203125 0
1335 97.30326843261719 285.2864685058594 0
1336 239.3693389892578 235.07740783691406 0
1337 410.0487976074219 239.38768005371094 0
1338 211.6234130859375 99.14863586425781 0
1339 39.41606140136719 163.94000244140625 0
1340 334.94732666015625 3.802879810333252 0
1341 244.83494567871094 104.60842895507812 0
1342 15.082110404968262 140.541015625 0
1343 428.1927490234375 167.84573364257812 0
1344 132.46275329589844 98.35457611083984 0
1345 180.6396484375 193.87643432617188 0
1346 14.800225257873535 153.68505859375 0
1347 320.7064208984375 238.37445068359375 0
1348 357.0688171386719 61.519222259521484 0
1349 311.1402587890625 24.061574935913086 0
1350 374.00946044921875 39.26756286621094 0
1351 288.0552062988281 83.51321411132812 0
1352 230.51300048828125 281.06951904296875 0
1353 235.31039428710938 221.3905792236328 0
1354 258.627197265625 83.03995513916016 0
1355 89.47113037109375 78.12773132324219 0
1356 136.43414306640625 199.71734619140625 0
1357 266.2731628417969 177.785400390625 0
1358 73.67475891113281 88.59562683105469 0
1359 258.2030334472656 290.3415832519531 0
1360 121.74967193603516 233.11741638183594 0
1361 64.62340545654297 33.12333679199219 0
1362 1.6061334609985352 64.87741088867188 0
1363 280.813232421875 77.39192962646484 0
1364 322.02325439453125 33.031089782714844 0
1365 190.35963439941406 14.277945518493652 0
1366 242.93751525878906 93.0247802734375 0
1367 176.52964782714844 169.32070922851562 0
1368 23.704116821289062 207.75921630859375 0
1369 192.56602478027344 136.8005828857422 0
1370 484.5687255859375 72.16993713378906 0
1371 408.2931823730469 233.8611297607422 0
1372 201.12806701660156 286.95379638671875 0
1373 480.9854431152344 50.10150909423828 0
1374 246.18673706054688 118.792236328125 0
1375 182.141357421875 290.8784484863281 0
1376 491.17132568359375 192.9176025390625 0
1377 348.6239318847656 81.99024200439453 0
1378 380.14227294921875 69.24042510986328 0
1379 316.5687561035156 19.724546432495117 0
1380 193.44732666015625 255.50123596191406 0
1381 139.52723693847656 113.434326171875 0
1382 125.18970489501953 210.0318603515625 0
1383 488.50494384765625 277.86590576171875 0
1384 8.937650680541992 282.7070007324219 0
1385 180.8701629638672 189.39610290527344 0
1386 239.48138427734375 35.538326263427734 0
1387 287.55035400390625 124.14391326904297 0
1388 354.9471130371094 74.10892486572266 0
1389 223.4993133544922 246.60655212402344 0
1390 363.2064514160156 7.667612075805664 0
1391 135.11090087890625 115.02716827392578 0
1392 219.27415466308594 239.19822692871094 0
1393 260.0696716308594 14.136019706726074 0
1394 386.2652282714844 267.15032958984375 0
1395 250.0719757080078 217.2152557373047 0
1396 141.48687744140625 157.7638702392578 0
1397 214.9160614013672 217.6206817626953 0
1398 221.36961364746094 221.04135131835938 0
1399 467.6522521972656 254.95303344726562 0
1400 34.195404052734375 194.41725158691406 0
1401 124.79959106445312 293.0045471191406 0
1402 7.960137844085693 6.045276165008545 0
1403 343.0780334472656 85.41509246826172 0
1404 182.2112274169922 54.37065124511719 0
1405 54.670101165771484 190.65623474121094 0
1406 397.3302001953125 102.27507019042969 0
1407 96.71897888183594 70.51958465576172 0
1408 382.4841003417969 242.57861328125 0
1409 117.58509826660156 125.71977996826172 0
1410 194.3482666015625 247.0536346435547 0
1411 82.3254165649414 88.53095245361328 0
1412 312.70721435546875 163.3518829345703 0
1413 92.92579650878906 5.559011936187744 0
1414 256.1687316894531 73.36734771728516 0
1415 85.00819396972656 203.810791015625 0
1416 341.48114013671875 272.552978515625 0
1417 262.0509033203125 40.1547737121582 0
1418 173.32156372070312 72.58114624023438 0
1419 380.6015625 188.07630920410156 0
1420 117.9273452758789 169.48306274414062 0
1421 205.5287322998047 216.31448364257812 0
1422 383.57220458984375 56.024383544921875 0
1423 113.04974365234375 261.52569580078125 0
1424 403.6415710449219 190.56922912597656 0
1425 431.08837890625 291.5531921386719 0
1426 493.9414367675781 165.0570068359375 0
1427 171.4578399658203 97.18986511230469 0
1428 234.87820434570312 41.96177673339844 0
1429 326.43048095703125 238.50576782226562 0
1430 211.2765655517578 254.22525024414062 0
1431 373.4476013183594 106.86982727050781 0
1432 127.85579681396484 83.1507797241211 0
1433 56.03826904296875 245.7293701171875 0
1434 406.7641296386719 147.11634826660156 0
1435 386.45880126953125 102.01920318603516 0
1436 165.07461547851562 148.7112579345703 0
1437 146.12933349609375 55.75581359863281 0
1438 464.7748718261719 39.52159881591797 0
1439 443.6368103027344 97.93109130859375 0
1440 425.5367736816406 170.28643798828125 0
1441 126.88909149169922 196.25283813476562 0
1442 191.43165588378906 99.51709747314453 0
1443 35.94689178466797 4.588840007781982 0
1444 346.7595520019531 35.91840362548828 0
1445 226.12625122070312 235.15411376953125 0
1446 183.2909393310547 189.07168579101562 0
1447 387.15606689453125 122.53998565673828 0
1448 231.47256469726562 98.83553314208984 0
1449 233.49107360839844 65.61702728271484 0
1450 181.52830505371094 106.79122924804688 0
1451 143.32286071777344 237.15267944335938 0
1452 236.88951110839844 222.80609130859375 0
1453 279.39691162109375 101.66766357421875 0
1454 62.01885986328125 226.4088592529297 0
1455 333.4359436035156 279.6142272949219 0
1456 309.4447326660156 126.16741180419922 0
1457 397.78582763671875 240.39256286621094 0
1458 236.70294189453125 80.63038635253906 0
1459 282.841796875 198.03073120117188 0
1460 152.8857879638672 261.639892578125 0
1461 366.87890625 221.53636169433594 0
1462 366.6279602050781 14.94430923461914 0
1463 286.1026611328125 56.987693786621094 0
1464 442.6121520996094 144.03538513183594 0
1465 447.0515441894531 190.3648223876953 0
1466 412.0567321777344 11.005860328674316 0
1467 470.9247131347656 258.93035888671875 0
1468 124.1510238647461 112.96916198730469 0
1469 259.9749450683594 44.65274429321289 0
1470 170.03334045410156 54.20429611206055 0
1471 409.7976379394531 55.72382354736328 0
1472 258.66058349609375 292.6849670410156 0
1473 178.1638641357422 121.65583801269531 0
1474 74.7966079711914 195.0229949951172 0
1475 160.98593139648438 93.75173950195312 0
1476 3.3516085147857666 186.1024627685547 0
1477 219.071533203125 155.9261932373047 0
1478 161.4322967529297 28.801666259765625 0
1479 45.5125617980957 110.9133071899414 0
1480 439.71783447265625 15.19652271270752 0
1481 62.87240219116211 113.83065795898438 0
1482 218.1543731689453 93.50991821289062 0
1483 91.77587127685547 78.87783813476562 0
1484 87.46573638916016 194.8175048828125 0
1485 438.0731506347656 285.6313781738281 0
1486 277.6060485839844 260.1418151855469 0
1487 204.43997192382812 258.9562072753906 0
1488 67.03456115722656 202.06234741210938 0
1489 244.0928192138672 190.988037109375 0
1490 222.5713348388672 165.3406219482422 0
1491 239.23959350585938 214.94869995117188 0
1492 498.5968933105469 278.3052673339844 0
1493 404.95233154296875 128.7411346435547 0
1494 406.48736572265625 210.86302185058594 0
1495 290.3397521972656 201.3284454345703 0
1496 350.4306640625 175.9980010986328 0
1497 73.2145767211914 276.83551025390625 0
1498 314.1486511230469 229.4925079345703 0
1499 121.8910140991211 20.120080947875977 0
1500 74.55310821533203 37.34858703613281 0
1501 428.3150634765625 123.24381256103516 0
1502 412.9934997558594 192.01101684570312 0
1503 300.4209899902344 114.8326416015625 0
1504 492.50732421875 166.98814392089844 0
1505 438.4242858886719 183.74887084960938 0
1506 470.3633117675781 204.8382568359375 0
1507 209.70257568359375 144.8065185546875 0
1508 19.191890716552734 135.73519897460938 0
1509 79.98209381103516 237.44480895996094 0
1510 237.1252899169922 122.94819641113281 0
1511 254.73960876464844 258.3333435058594 0
1512 437.6246337890625 127.566650390625 0
1513 134.04478454589844 85.8158950805664 0
1514 23.04962921142578 77.67203521728516 0
1515 186.51071166992188 157.90872192382812 0
1516 62.53055191040039 16.90500831604004 0
1517 303.5856628417969 216.2526397705078 0
1518 314.3311462402344 293.9969482421875 0
1519 104.11155700683594 125.97664642333984 0
1520 255.6449737548828 138.3311309814453 0
